#<L> <passi med>  <sigma>   <dist med>  <sigma> 
3    2,67327     0,676463     0,267327    0,442564
4    4,13861     1,00523      0,623762    0,484441
5    5,45545     1,10377      0,891089    0,442786
6    6,9703      1,24642      1,15842     0,540126
7    8,41584     1,48436      1,43564     0,534287
8    9,80198     1,62298      1,67327     0,582057
9    11,5347     2,03224      1,85149     0,635363
10    12,6139     1,94463      2,13861     0,675303
11    13,9802     2,14328      2,35644     0,683384
12    15,5347     2,31467      2,77228     0,627445
13    17,2376     2,59149      2,9604      0,628069
14    18,8317     2,7289       3,21782     0,68367
15    19,5743     2,78022      3,37624     0,657801
16    21,8218     3,19776      3,64356     0,725547
17    22,8218     3,10667      3,84158     0,713833
18    24,6436     3,514        4,0297      0,776581
19    25,7624     3,4127       4,44554     0,763982
20    27,0198     3,57378      4,61386     0,75741
21    28,7624     3,82837      4,82178     0,905386
22    30,0297     3,75607      5,11881     0,847677
23    31,7624     4,48573      5,29703     0,850679
24    32,8812     4,21757      5,62376     0,910353
25    34,2871     4,49276      5,77228     0,921484
26    35,7228     4,53614      6,0297      0,94874
27    36,6139     4,66495      6,25743     1,01136
28    39          4,85023      6,52475     1,04922
29    40,0693     5,31252      6,68317     1,03341
30    41,9109     5,43385      6,82178     1,0186
31    42,9604     5,24625      7,14851     1,0185
32    44,2475     5,69767      7,24752     0,999068
33    45,6238     5,98654      7,68317     1,08938
34    46,7822     5,77054      7,90099     1,07634
35    48,7327     5,77274      7,9703      1,10315
36    50,7426     6,53044      8,31683     1,11631
37    51,9406     6,19137      8,56436     1,13814
38    53,3366     6,32968      8,84158     1,13218
39    54,9505     6,81346      9           1,23481
40    56,3465     6,86422      9,28713     1,18853
41    57,6931     6,82271      9,53465     1,20695
42    58,9406     7,04978      9,81188     1,2798
44    61,505      7,3762       10,1584     1,30295
46    64,3663     7,86989      10,5446     1,36813
48    67,1683     7,67543      11          1,37876
50    69,6337     7,96244      11,5347     1,38281
55    77,0198     8,75857      12,7624     1,56792
60    84,5545     9,4182       13,8218     1,6733
70    99,8416     10,9388      15,9703     1,88509
80    113,327     12,4161      18,2871     2,07454

